0.8
2.255167238119136
3.504727549892923
4.386548573659999
4.815560250482946
4.799863370175793
4.435818087892534
3.8834318742684846
3.3278993715471503
2.9362956200066552
2.819459775580105
3.0077974216109418
3.4463954774394394
4.01027808761645
4.535913801298445
4.861323117914811
4.865208977446882
4.495881333053203
3.7832711991745707
2.83141632216694
1.7934702030465612
0.8354261531039842
0.09737755126865233
-0.3383623178851636
-0.46469003712527707
-0.3486422805877794
-0.11227210485432215
0.09971624453784922
0.15757048964393583
-0.01992293606720752
-0.4441347783385212
-1.0528485937990293
-1.725081141634429
-2.3109440125229677
-2.6693278871677637
-2.704221970550255
-2.3907203272272257
-1.7841686174994513
-1.0099056992359907
-0.23570605796831368
0.3667779929098809
0.6625466796692618
0.5861260665672188
0.15883954754559437
-0.5138779404086069
-1.2648215606100583
-1.902082659254149
-2.252398904189569
-2.2007950074997664
-1.7173005938589525
-0.8644739139895558
0.2161163144579048
1.3354248855247932
2.299269687963992
2.951752417779022
3.2097815947142063
3.0807852923368695
2.6596047007306423
2.1053874884760404
1.6039231587785638
1.3242023859396903
1.3792631255257282
1.8003174201289722
2.529995538033405
3.4360485819104953
4.342078043681738
5.067931989883224
5.4702393308297195
5.473643017152344
5.0856019315179495
4.391597790670503
3.532256979325714
2.6681653976948336
1.9410070047602128
1.4404252770128214
1.1845218235576034
1.118535979772861
1.1318095799075256
1.0887009277803072
0.8657368582146416
0.3857900013565456
-0.35920175620167005
-1.3026719448137056
-2.3165467749653392
-3.240026683476787
-3.9171638065314243
-4.2341706866506845
-4.147371337382114
-3.6948745076715026
-2.988902230567906
-2.1903307576568443
-1.4712933036305234
-0.9746256711658432
-0.7797967799839587
-0.8835357105834964
-1.199968354164671
-1.580502904561319
-1.8490303974991873
-1.8443399167795225
-1.4598612925198822
-0.6713746443827335
0.45394440660415336
1.7694727066412563
3.0795371442717787
4.181415847904196
4.909373907165149
5.1706614177991765
4.965239543180044
4.384751555537201
3.5910445497503414
2.7792553364868775
2.1340029190783483
1.78876015437876
1.7976591863240856
2.126020870468471
2.6614919885922563
3.2428652263517783
3.6995748938829527
3.892458855254251
3.7462063864035393
3.2659960551495533
2.5346583904237696
1.6913566491953649
0.8971564052090217
0.29591485920293437
-0.020054209628929343
-0.03132468574694647
0.2053067048518475
0.5721338211227496
0.9206354159414816
1.1089272550838112
1.0373954541595838
0.6737997189907989
0.061704257845125565
-0.6898520321288562
-1.4329709367272712
-2.017345360963657
-2.327665719952642
-2.312810856961664
-1.9995750906142689
-1.4873697827093058
-0.9249125578776272
-0.4742877522986564
-0.27087903639305266
-0.38878439117909935
-0.8201445025166167
-1.4736115253138056
-2.192702742605031
-2.790077675608348
-3.089961619529511
-2.9689226868098055
-2.385481757612282
-1.391545806727719
-0.12282716177263658
1.2297270688982125
2.4610570860699386
3.39629472121533
3.9281226117001626
4.038656863119338
3.8009014114398534
3.3595498785528304
2.895681949239915
2.583602559639652
2.549842139906138
2.8437677107523855
3.4264897521841675
4.1804448305908295
4.937204121011984
5.516837228410212
5.769534759215672
5.609767657614885
5.0351209546551186
4.12562987106585
3.02408337907734
1.9022419346549448
0.9211828320641209
0.19527301576485767
-0.23171620589301312
-0.3928453409921817
-0.3853858386146993
-0.34269099554388327
-0.3976299369277545
-0.6466552026558323
-1.1233761692026614
-1.7881674158299727
-2.5364197375917104
-3.223486416719519
-3.700285380738043
-3.8508757706217978
-3.6227758627455513
-3.0424690206597136
-2.2120616381900415
-1.287576336430717
-0.4438059833901036
0.16604625565106002
0.44635668136916573
0.38203730074454545
0.04279325381705379
-0.43260687406609916
-0.8686104162955319
-1.094316658741009
-0.9844337410791134
-0.49013277767189856
0.34754555950143873
1.405054550955932
2.5029689693421604
3.445866149802784
4.0663281200929315
4.262929270594444
4.023430529836744
3.4278044064255515
2.6303726060355253
1.8251620190699005
1.202449636283359
0.9064719839177693
1.0039564948008213
1.4705725143763606
2.198204967707195
3.0211118190241857
3.754672977746403
4.237589235226554
4.367702828242627
4.123232159656583
3.5647437766108725
2.8177787667810814
2.040616048714119
1.385112564916964
0.9600995948175268
0.8060841168147048
0.8871939386518393
1.1020983524130585
1.3110449130298687
1.3722774998707474
1.1788661376196887
0.6869152183023237
-0.07176671740551144
-0.9956681513718062
-1.9368386698831395
-2.7358037162577347
-3.2596623074327358
-3.434083330155152
-3.2613405205005406
-2.8198574029507815
-2.2451788132303507
-1.6967828316567675
-1.3186168230057462
-1.2028453312244058
-1.3656389464930594
-1.7410530432665328
-2.194791169712353
-2.554922205406972
-2.6525435152454575
-2.3629270042660453
-1.6374451047999727
-0.5186219638483669
0.8654764401759749